200
26 15
6 22
25 50
16 16
25 9
45 20
46 17
10 48
15 3
15 26
44 15
24 40
22 26
31 20
5 21
50 20
26 40
17 32
17 6
2 23
47 1
26 3
5 5
20 23
33 4
14 24
5 31
13 22
40 36
50 38
37 49
46 22
27 31
15 11
40 31
44 8
33 25
31 34
16 13
40 21
11 40
9 17
16 48
44 24
50 42
23 12
3 5
46 36
50 13
4 2
42 48
19 23
2 50
8 47
22 44
42 9
41 29
48 4
19 20
2 1
8 34
17 9
30 30
50 16
11 16
43 4
29 19
34 11
48 15
50 28
46 9
46 35
41 41
21 18
40 47
16 49
28 42
28 10
44 35
32 5
11 34
44 17
47 24
31 26
49 14
28 38
27 4
34 23
10 14
47 38
27 48
7 6
6 10
9 9
38 34
32 40
47 9
5 40
15 50
32 11
42 12
4 25
22 38
30 26
31 45
40 17
23 2
33 7
43 37
45 36
46 1
18 3
11 6
38 25
22 48
44 14
25 12
27 3
28 2
11 10
2 21
30 4
34 41
27 8
42 16
4 9
27 18
25 23
12 30
5 49
37 37
9 25
10 21
20 50
2 28
30 18
28 29
11 49
29 28
5 23
3 13
23 34
49 42
47 43
16 33
43 15
17 45
39 4
45 6
20 30
50 19
17 16
32 45
17 14
10 49
21 30
5 25
29 15
10 4
40 4
39 11
7 21
26 42
45 40
23 44
47 33
50 39
47 26
28 30
31 19
41 46
42 48
15 9
26 5
18 29
42 29
3 11
47 28
17 33
4 11
25 43
22 14
24 13
28 11
23 7
41 26
49 8
50 50
27 9
29 44
43 12
33 30
50 25
35 43
9 16
24 19
16 2
12 49
14 18
48 30
