100
4 4
1.4000
0.5000 0.7000 0.8000 0.6000
2 2
1.0000
0.0000 0.0000
2 2
0.0000
0.9000 0.8000
2 2
0.1000
0.4000 0.5000
46 46
18.2972
0.0925 0.5248 0.1392 0.0683 0.7962 0.1128 0.6459 0.5942 0.6564 0.8672 0.0041 0.0883 0.1133 0.7809 0.4908 0.6376 0.5346 0.3210 0.3047 0.8019 0.3114 0.3224 0.5338 0.2844 0.4353 0.2178 0.5083 0.8150 0.2347 0.1857 0.5564 0.0496 0.1626 0.2309 0.9563 0.8265 0.1550 0.0695 0.3070 0.9548 0.6637 0.0154 0.3872 0.3763 0.6791 0.9665
2 2
0.0000
1.0000 1.0000
47 47
17.8338
0.9833 0.4173 0.8713 0.1012 0.2093 0.6397 0.7742 0.7671 0.5695 0.2170 0.7498 0.8165 0.1051 0.0809 0.4216 0.6080 0.1461 0.6991 0.5563 0.8991 0.8979 0.6037 0.1979 0.9890 0.4954 0.8681 0.4777 0.7959 0.3269 0.3691 0.1647 0.6818 0.0414 0.2620 0.3664 0.8046 0.0517 0.4058 0.5009 0.9119 0.6504 0.1668 0.3038 0.6853 0.4127 0.2649 0.0638
48 48
18.5848
0.6604 0.7160 0.7570 0.2101 0.3651 0.9934 0.1066 0.9485 0.6541 0.1543 0.5911 0.3593 0.9659 0.8445 0.2978 0.3656 0.7608 0.1551 0.4054 0.4420 0.3034 0.3299 0.7353 0.4321 0.0915 0.6352 0.0787 0.4583 0.0448 0.6270 0.5738 0.6298 0.1479 0.1896 0.3723 0.7604 0.4393 0.6310 0.6669 0.1762 0.9472 0.1607 0.7459 0.8770 0.8308 0.3120 0.7194 0.8779
50 50
1.0000
0.3333 0.3333 0.3333 0.3333 0.3333 0.3333 0.3333 0.3333 0.3333 0.3333 0.3333 0.3333 0.3333 0.3333 0.3333 0.3333 0.3333 0.3333 0.3333 0.3333 0.3333 0.3333 0.3333 0.3333 0.3333 0.3333 0.3333 0.3333 0.3333 0.3333 0.3333 0.3333 0.3333 0.3333 0.3333 0.3333 0.3333 0.3333 0.3333 0.3333 0.3333 0.3333 0.3333 0.3333 0.3333 0.3333 0.3333 0.3333 0.3333 0.3333
50 50
21.0177
0.5533 0.1513 0.1657 0.5107 0.0118 0.6503 0.3440 0.3306 0.5076 0.2405 0.0070 0.2871 0.7280 0.5247 0.7681 0.6407 0.6640 0.5764 0.8991 0.5698 0.9869 0.0147 0.1729 0.8691 0.0477 0.0273 0.6709 0.6630 0.7061 0.6749 0.2184 0.9544 0.0570 0.0021 0.1814 0.0555 0.0330 0.6288 0.1267 0.3019 0.8259 0.6410 0.8689 0.1526 0.6561 0.7583 0.6764 0.7589 0.7025 0.3972
48 48
16.5718
0.5443 0.6989 0.2353 0.2158 0.9430 0.5329 0.2585 0.1460 0.1644 0.1355 0.1790 0.8436 0.0442 0.9211 0.7973 0.8848 0.4955 0.5709 0.6519 0.4148 0.4596 0.5951 0.0732 0.2460 0.4799 0.1440 0.3644 0.6661 0.3382 0.1231 0.1571 0.8215 0.0322 0.7029 0.6211 0.7309 0.7228 0.7015 0.9817 0.4771 0.8419 0.2632 0.8110 0.0808 0.3384 0.3681 0.8849 0.8040
1 1
1.0000
0.0000
49 49
20.2621
0.3338 0.0136 0.8627 0.3384 0.0190 0.2699 0.7336 0.6725 0.6685 0.9593 0.4727 0.7872 0.2563 0.7419 0.0773 0.4909 0.8216 0.2812 0.4186 0.5544 0.6150 0.1278 0.3449 0.5315 0.5598 0.7318 0.4199 0.1812 0.8070 0.5918 0.8263 0.3049 0.6286 0.7756 0.9343 0.2142 0.9322 0.7769 0.7793 0.3764 0.2493 0.1369 0.2902 0.4687 0.4865 0.2963 0.5771 0.6277 0.8512
4 4
1.3999
0.6000 0.5000 0.8000 0.7000
46 46
22.2116
0.4385 0.9277 0.4272 0.2728 0.2236 0.8123 0.6233 0.3960 0.7329 0.9759 0.1298 0.0654 0.4924 0.8809 0.0718 0.2791 0.4968 0.9091 0.4422 0.9938 0.9511 0.7949 0.0640 0.2842 0.4486 0.8464 0.2186 0.2573 0.4270 0.4448 0.6846 0.5772 0.7988 0.0402 0.2591 0.8600 0.8956 0.3225 0.3528 0.4176 0.0813 0.9659 0.7561 0.0540 0.7285 0.5579
50 50
21.5483
0.8419 0.0429 0.0869 0.3345 0.1449 0.8348 0.7623 0.6318 0.3248 0.5400 0.8594 0.9722 0.1551 0.6894 0.3204 0.2101 0.5390 0.3189 0.2558 0.5950 0.3514 0.4787 0.8422 0.6533 0.3778 0.7348 0.4822 0.9286 0.6599 0.6295 0.1607 0.7955 0.8206 0.6628 0.3114 0.1417 0.4064 0.8443 0.0495 0.1070 0.2806 0.2455 0.8455 0.9928 0.6530 0.4604 0.6072 0.5127 0.9319 0.8191
46 46
15.8792
0.8745 0.5910 0.2534 0.7549 0.4777 0.5251 0.5641 0.1367 0.6470 0.9703 0.0514 0.1618 0.1048 0.2724 0.0122 0.6106 0.3583 0.0113 0.6400 0.6294 0.8896 0.4921 0.9891 0.7866 0.7701 0.6207 0.2986 0.4744 0.6337 0.1506 0.8725 0.7970 0.4629 0.0003 0.0310 0.1570 0.8916 0.5253 0.7396 0.3519 0.8008 0.9580 0.1544 0.1059 0.0488 0.7386
50 50
0.0000
0.8765 0.8765 0.8765 0.8765 0.8765 0.8765 0.8765 0.8765 0.8765 0.8765 0.8765 0.8765 0.8765 0.8765 0.8765 0.8765 0.8765 0.8765 0.8765 0.8765 0.8765 0.8765 0.8765 0.8765 0.8765 0.8765 0.8765 0.8765 0.8765 0.8765 0.8765 0.8765 0.8765 0.8765 0.8765 0.8765 0.8765 0.8765 0.8765 0.8765 0.8765 0.8765 0.8765 0.8765 0.8765 0.8765 0.8765 0.8765 0.8765 0.8765
50 50
0.0000
0.3333 0.3333 0.3333 0.3333 0.3333 0.3333 0.3333 0.3333 0.3333 0.3333 0.3333 0.3333 0.3333 0.3333 0.3333 0.3333 0.3333 0.3333 0.3333 0.3333 0.3333 0.3333 0.3333 0.3333 0.3333 0.3333 0.3333 0.3333 0.3333 0.3333 0.3333 0.3333 0.3333 0.3333 0.3333 0.3333 0.3333 0.3333 0.3333 0.3333 0.3333 0.3333 0.3333 0.3333 0.3333 0.3333 0.3333 0.3333 0.3333 0.3333
46 46
21.1260
0.6694 0.9212 0.1860 0.1531 0.6820 0.5380 0.5974 0.4358 0.9860 0.9426 0.3003 0.3874 0.0282 0.6299 0.3984 0.3052 0.4533 0.6862 0.1677 0.6727 0.2168 0.7548 0.4083 0.0440 0.1826 0.3924 0.2260 0.0823 0.5602 0.7264 0.0158 0.2031 0.5241 0.6516 0.6985 0.3420 0.8165 0.5200 0.9613 0.0528 0.8447 0.7636 0.1839 0.6293 0.5531 0.8730
50 50
1.0000
0.0000 0.0000 0.0000 0.0000 0.0000 0.0000 0.0000 0.0000 0.0000 0.0000 0.0000 0.0000 0.0000 0.0000 0.0000 0.0000 0.0000 0.0000 0.0000 0.0000 0.0000 0.0000 0.0000 0.0000 0.0000 0.0000 0.0000 0.0000 0.0000 0.0000 0.0000 0.0000 0.0000 0.0000 0.0000 0.0000 0.0000 0.0000 0.0000 0.0000 0.0000 0.0000 0.0000 0.0000 0.0000 0.0000 0.0000 0.0000 0.0000 0.0000
2 2
0.5000
0.5000 0.5000
45 45
17.3639
0.0077 0.1397 0.8750 0.5621 0.2976 0.6745 0.6574 0.4203 0.8906 0.9357 0.4946 0.3947 0.8638 0.9387 0.5961 0.0874 0.2851 0.8223 0.0641 0.4630 0.4439 0.2099 0.5490 0.2916 0.0233 0.6109 0.5215 0.6055 0.6512 0.3769 0.6038 0.0366 0.0736 0.2189 0.5960 0.4208 0.1225 0.6631 0.9968 0.3150 0.1545 0.2947 0.7453 0.9810 0.5909
47 47
18.0201
0.5136 0.5793 0.8830 0.1509 0.9002 0.7400 0.0842 0.8950 0.9963 0.5774 0.1634 0.5507 0.9268 0.1025 0.3502 0.7163 0.1498 0.8930 0.2752 0.3941 0.6027 0.8010 0.6979 0.1472 0.9683 0.8157 0.8101 0.7429 0.8049 0.2340 0.1896 0.9078 0.4128 0.5681 0.6310 0.4507 0.7679 0.6629 0.8386 0.5359 0.4002 0.8139 0.4612 0.4223 0.4519 0.8216 0.1947
1 1
0.5000
0.5000
50 50
0.0050
0.9999 0.9999 0.9999 0.9999 0.9999 0.9999 0.9999 0.9999 0.9999 0.9999 0.9999 0.9999 0.9999 0.9999 0.9999 0.9999 0.9999 0.9999 0.9999 0.9999 0.9999 0.9999 0.9999 0.9999 0.9999 0.9999 0.9999 0.9999 0.9999 0.9999 0.9999 0.9999 0.9999 0.9999 0.9999 0.9999 0.9999 0.9999 0.9999 0.9999 0.9999 0.9999 0.9999 0.9999 0.9999 0.9999 0.9999 0.9999 0.9999 0.9999
50 50
50.0000
0.0000 0.0000 0.0000 0.0000 0.0000 0.0000 0.0000 0.0000 0.0000 0.0000 0.0000 0.0000 0.0000 0.0000 0.0000 0.0000 0.0000 0.0000 0.0000 0.0000 0.0000 0.0000 0.0000 0.0000 0.0000 0.0000 0.0000 0.0000 0.0000 0.0000 0.0000 0.0000 0.0000 0.0000 0.0000 0.0000 0.0000 0.0000 0.0000 0.0000 0.0000 0.0000 0.0000 0.0000 0.0000 0.0000 0.0000 0.0000 0.0000 0.0000
50 50
17.5914
0.6185 0.6763 0.6974 0.5162 0.5548 0.8705 0.5042 0.1335 0.3439 0.8354 0.0345 0.2274 0.8560 0.1291 0.6372 0.3231 0.1009 0.3931 0.6996 0.5342 0.0236 0.2604 0.3896 0.2473 0.4286 0.6466 0.6236 0.8555 0.9567 0.3195 0.2023 0.5352 0.3822 0.9009 0.0900 0.4034 0.6236 0.3911 0.0733 0.7615 0.3871 0.0295 0.8530 0.8807 0.6286 0.8164 0.4529 0.8560 0.6608 0.7481
50 50
19.0217
0.4126 0.5597 0.7888 0.7363 0.1917 0.5456 0.4124 0.2338 0.8924 0.1847 0.8400 0.4455 0.7201 0.9958 0.7593 0.5383 0.5983 0.7290 0.8675 0.0682 0.5639 0.8780 0.3735 0.1966 0.2118 0.5503 0.6311 0.5468 0.1124 0.0338 0.3467 0.0347 0.5450 0.5644 0.0122 0.2130 0.9855 0.9876 0.0017 0.8635 0.7314 0.4125 0.8794 0.6809 0.4108 0.3836 0.5578 0.8890 0.2761 0.1603
47 47
17.8022
0.4976 0.8494 0.1619 0.6800 0.1329 0.6819 0.3393 0.2359 0.4723 0.7063 0.8196 0.2770 0.4186 0.9421 0.0982 0.0488 0.8212 0.2962 0.3236 0.9350 0.1972 0.7438 0.4329 0.7644 0.5779 0.9181 0.0797 0.4982 0.2344 0.4687 0.2375 0.8680 0.1167 0.8438 0.1725 0.8108 0.3885 0.2680 0.0603 0.6558 0.9474 0.4468 0.1132 0.7353 0.5486 0.8600 0.4171
50 50
33.3350
0.3333 0.3333 0.3333 0.3333 0.3333 0.3333 0.3333 0.3333 0.3333 0.3333 0.3333 0.3333 0.3333 0.3333 0.3333 0.3333 0.3333 0.3333 0.3333 0.3333 0.3333 0.3333 0.3333 0.3333 0.3333 0.3333 0.3333 0.3333 0.3333 0.3333 0.3333 0.3333 0.3333 0.3333 0.3333 0.3333 0.3333 0.3333 0.3333 0.3333 0.3333 0.3333 0.3333 0.3333 0.3333 0.3333 0.3333 0.3333 0.3333 0.3333
1 1
0.3333
0.0000
47 47
2.2784
0.9460 0.6587 0.9042 0.7958 0.1637 0.6641 0.9917 0.2816 0.9963 0.3553 0.1539 0.1664 0.6506 0.1005 0.0239 0.4354 0.6483 0.5550 0.8419 0.2346 0.1902 0.8193 0.4923 0.1370 0.1259 0.6562 0.8489 0.5519 0.9770 0.1427 0.7939 0.7511 0.1028 0.3084 0.9056 0.8278 0.4495 0.1305 0.3364 0.0708 0.1277 0.7586 0.6852 0.8840 0.3204 0.8156 0.3635
50 50
0.0000
1.0000 1.0000 1.0000 1.0000 1.0000 1.0000 1.0000 1.0000 1.0000 1.0000 1.0000 1.0000 1.0000 1.0000 1.0000 1.0000 1.0000 1.0000 1.0000 1.0000 1.0000 1.0000 1.0000 1.0000 1.0000 1.0000 1.0000 1.0000 1.0000 1.0000 1.0000 1.0000 1.0000 1.0000 1.0000 1.0000 1.0000 1.0000 1.0000 1.0000 1.0000 1.0000 1.0000 1.0000 1.0000 1.0000 1.0000 1.0000 1.0000 1.0000
49 49
17.2292
0.0611 0.7203 0.2155 0.7517 0.7724 0.8840 0.8379 0.6280 0.8799 0.4717 0.1938 0.4578 0.7350 0.2247 0.8559 0.9019 0.3592 0.0648 0.6103 0.4864 0.8713 0.7802 0.8079 0.7253 0.2209 0.2277 0.1097 0.8043 0.9210 0.7784 0.1928 0.9459 0.4180 0.6621 0.4471 0.2738 0.4992 0.4129 0.3401 0.1071 0.6050 0.3868 0.9770 0.6295 0.8809 0.0765 0.9965 0.8161 0.9978
49 49
19.3127
0.7697 0.3177 0.2039 0.4156 0.2585 0.9103 0.9851 0.5595 0.4553 0.8892 0.1851 0.3132 0.2982 0.1227 0.8631 0.9026 0.2486 0.5272 0.5403 0.9984 0.0409 0.4041 0.5743 0.7068 0.8588 0.0327 0.6732 0.0728 0.3097 0.7219 0.0070 0.0206 0.5524 0.0133 0.9515 0.1476 0.3171 0.1073 0.2273 0.0433 0.6266 0.9382 0.8477 0.2019 0.7775 0.3081 0.0935 0.1920 0.9619
48 48
24.5123
0.0597 0.7888 0.4424 0.0946 0.3974 0.5430 0.1716 0.2230 0.8087 0.9374 0.1218 0.1863 0.5908 0.5810 0.1904 0.0739 0.1518 0.2813 0.5356 0.8539 0.2867 0.1510 0.4000 0.9522 0.2224 0.8235 0.3999 0.6142 0.7769 0.9642 0.9827 0.2074 0.2979 0.5814 0.2739 0.7034 0.5750 0.0279 0.0072 0.8243 0.5517 0.0241 0.5664 0.2399 0.9418 0.8049 0.4013 0.5227
46 46
17.3726
0.3591 0.7675 0.4944 0.6101 0.5303 0.7914 0.8391 0.1578 0.4674 0.6945 0.3334 0.7665 0.6613 0.5637 0.2130 0.7607 0.5205 0.2277 0.2703 0.0395 0.3196 0.3828 0.6818 0.0800 0.1889 0.5085 0.5441 0.3269 0.6611 0.2166 0.6818 0.2519 0.9900 0.3151 0.8584 0.6696 0.3318 0.7893 0.5675 0.2994 0.8387 0.1183 0.9463 0.3048 0.3799 0.0348
50 50
23.2282
0.9630 0.0572 0.0318 0.0986 0.5816 0.5982 0.2820 0.1475 0.8689 0.5731 0.2357 0.7220 0.0089 0.0815 0.6398 0.3531 0.0483 0.5160 0.7601 0.4745 0.4997 0.5873 0.4418 0.7988 0.6862 0.0116 0.6648 0.3905 0.5480 0.3563 0.8441 0.6429 0.1810 0.8348 0.0784 0.4240 0.9918 0.3667 0.5606 0.3540 0.0102 0.8420 0.8719 0.0334 0.5001 0.1604 0.2301 0.6637 0.0656 0.8664
49 49
21.0466
0.0859 0.6042 0.3930 0.0047 0.5671 0.3250 0.4589 0.1150 0.3665 0.7463 0.8952 0.3550 0.7573 0.4043 0.2161 0.9620 0.1233 0.6580 0.3212 0.5925 0.0065 0.0026 0.3288 0.2651 0.6905 0.4490 0.5504 0.2521 0.5703 0.3688 0.5400 0.7375 0.8073 0.9590 0.3686 0.8362 0.4362 0.6695 0.7211 0.0989 0.3496 0.5188 0.6681 0.5098 0.6407 0.8185 0.7628 0.8448 0.8810
49 49
18.3082
0.2540 0.0899 0.3722 0.6644 0.1163 0.3135 0.4457 0.3433 0.5094 0.4622 0.4532 0.4081 0.8382 0.5417 0.7561 0.4377 0.3432 0.0440 0.9365 0.1725 0.4627 0.8029 0.7068 0.9266 0.5925 0.6655 0.4136 0.7195 0.2931 0.0855 0.2493 0.4227 0.7296 0.3386 0.9843 0.6237 0.7090 0.3852 0.8281 0.1782 0.3901 0.3096 0.5543 0.2203 0.3602 0.7732 0.8720 0.7693 0.7382
50 50
0.0000
0.8700 0.8700 0.8700 0.8700 0.8700 0.8700 0.8700 0.8700 0.8700 0.8700 0.8700 0.8700 0.8700 0.8700 0.8700 0.8700 0.8700 0.8700 0.8700 0.8700 0.8700 0.8700 0.8700 0.8700 0.8700 0.8700 0.8700 0.8700 0.8700 0.8700 0.8700 0.8700 0.8700 0.8700 0.8700 0.8700 0.8700 0.8700 0.8700 0.8700 0.8700 0.8700 0.8700 0.8700 0.8700 0.8700 0.8700 0.8700 0.8700 0.8700
47 47
20.2289
0.5057 0.8560 0.5534 0.9789 0.1944 0.0390 0.8856 0.7444 0.1960 0.4483 0.5959 0.8631 0.0643 0.0969 0.2651 0.1645 0.0991 0.9288 0.9718 0.2827 0.6130 0.1475 0.7301 0.6731 0.2360 0.8632 0.3014 0.1132 0.5751 0.1522 0.4272 0.1826 0.8097 0.8159 0.3708 0.1112 0.8722 0.0387 0.2449 0.9636 0.3833 0.6190 0.4690 0.0728 0.0381 0.6295 0.1862
1 1
0.0000
1.0000
47 47
22.3813
0.3707 0.3944 0.3140 0.8243 0.5182 0.7012 0.7027 0.4792 0.3569 0.8322 0.0904 0.2461 0.6390 0.1327 0.0739 0.1347 0.0201 0.2744 0.6559 0.9975 0.6388 0.5872 0.4186 0.1127 0.0929 0.6773 0.0045 0.9893 0.4949 0.8278 0.3052 0.1947 0.3243 0.6453 0.3071 0.3461 0.1849 0.3921 0.0160 0.6339 0.1339 0.7516 0.3069 0.7390 0.2251 0.0922 0.2163
49 49
20.0136
0.4947 0.1955 0.3822 0.0697 0.9899 0.9267 0.8870 0.4046 0.9325 0.6422 0.7776 0.7819 0.8487 0.9039 0.6087 0.6035 0.3548 0.5218 0.6538 0.2460 0.1399 0.2270 0.4232 0.9632 0.2550 0.8505 0.1111 0.7889 0.3906 0.9715 0.6558 0.3418 0.3541 0.9987 0.4167 0.5729 0.1552 0.6708 0.2312 0.2667 0.0038 0.5505 0.0281 0.3110 0.4490 0.8512 0.4011 0.1041 0.2370
47 47
20.1582
0.0602 0.7526 0.6293 0.5995 0.1451 0.3485 0.3491 0.8335 0.5742 0.8313 0.5526 0.6409 0.0453 0.0516 0.7969 0.3178 0.7668 0.4579 0.5818 0.9805 0.5930 0.5799 0.1628 0.2976 0.6561 0.5159 0.6610 0.6717 0.5029 0.8142 0.2532 0.1154 0.7065 0.0027 0.6023 0.1452 0.9786 0.8115 0.2035 0.7323 0.4010 0.8642 0.9595 0.4044 0.2316 0.0207 0.7648
50 50
17.1496
0.5788 0.5948 0.7016 0.9754 0.7028 0.5349 0.5831 0.6459 0.6118 0.3697 0.0347 0.2836 0.0384 0.1938 0.9438 0.6509 0.2497 0.5523 0.8107 0.7818 0.4972 0.4941 0.1877 0.0839 0.8120 0.7428 0.2184 0.9366 0.2887 0.2932 0.0834 0.9003 0.1333 0.2369 0.2538 0.6544 0.0699 0.6620 0.4086 0.9449 0.1751 0.5193 0.7896 0.5562 0.6464 0.5178 0.4027 0.9117 0.2456 0.9788
47 47
21.9166
0.7490 0.2010 0.2784 0.4083 0.4504 0.8378 0.1921 0.5393 0.9990 0.1744 0.4826 0.0418 0.7457 0.3770 0.7120 0.6359 0.1658 0.3612 0.2953 0.9579 0.1813 0.6315 0.9875 0.2619 0.4436 0.2939 0.0583 0.6347 0.1576 0.1383 0.7036 0.8789 0.7052 0.4149 0.0970 0.9749 0.1277 0.5499 0.8826 0.8809 0.7993 0.3550 0.6357 0.1219 0.5192 0.4130 0.4100
48 48
20.7820
0.3222 0.7333 0.1024 0.3426 0.9842 0.5291 0.0271 0.7056 0.4490 0.7105 0.2471 0.6629 0.0726 0.1315 0.1797 0.7380 0.6498 0.1197 0.5391 0.1128 0.4799 0.1750 0.5144 0.4776 0.4311 0.8723 0.0178 0.2405 0.3436 0.3987 0.5935 0.8238 0.9499 0.5092 0.7698 0.0279 0.6702 0.6881 0.2714 0.7593 0.4580 0.6094 0.5146 0.4703 0.9918 0.4315 0.2902 0.3013
46 46
18.4209
0.5070 0.6444 0.7746 0.0846 0.0119 0.0356 0.4261 0.3824 0.0807 0.7132 0.8628 0.6253 0.8594 0.9032 0.5447 0.4714 0.7062 0.6533 0.0872 0.9055 0.6762 0.4339 0.1495 0.4233 0.6443 0.2726 0.7460 0.8129 0.3922 0.0206 0.8271 0.0736 0.9383 0.7251 0.5163 0.5391 0.8256 0.7049 0.2388 0.4789 0.1117 0.9895 0.8112 0.5140 0.7002 0.2091
48 48
18.5488
0.1194 0.5059 0.6491 0.3541 0.7175 0.1613 0.2791 0.3913 0.8381 0.4540 0.7306 0.1368 0.2516 0.1111 0.4928 0.9280 0.1868 0.5734 0.9789 0.3109 0.0582 0.1251 0.4483 0.0489 0.0762 0.8181 0.8006 0.2081 0.8175 0.4240 0.5568 0.4975 0.4301 0.7623 0.3945 0.6296 0.0375 0.1127 0.8369 0.1449 0.0099 0.1744 0.9018 0.1563 0.7715 0.3193 0.6234 0.1010
50 50
17.2325
0.9991 0.2656 0.6527 0.8177 0.4966 0.4979 0.6102 0.3725 0.9511 0.9070 0.9669 0.1017 0.8171 0.3428 0.4722 0.8813 0.0964 0.1493 0.0281 0.6327 0.9524 0.0260 0.7736 0.4591 0.1639 0.4638 0.8647 0.1650 0.5127 0.4040 0.5015 0.9677 0.5849 0.4173 0.6323 0.1870 0.5247 0.2741 0.0595 0.2620 0.5391 0.5608 0.2389 0.4796 0.4397 0.4970 0.3473 0.6572 0.2880 0.4315
49 49
26.5921
0.2141 0.1223 0.6338 0.0259 0.0528 0.6295 0.8420 0.8900 0.0496 0.1894 0.0892 0.1644 0.1315 0.0760 0.1507 0.8966 0.8129 0.6283 0.5407 0.7787 0.2548 0.0452 0.2310 0.6235 0.6177 0.0338 0.7459 0.6665 0.1590 0.8014 0.8581 0.4081 0.0501 0.2542 0.5072 0.7702 0.8504 0.3240 0.5838 0.7653 0.4340 0.4387 0.8367 0.6259 0.3799 0.3361 0.1114 0.4979 0.8118
45 45
21.7083
0.9340 0.7925 0.0021 0.5372 0.7662 0.2070 0.3796 0.0049 0.1793 0.7795 0.3523 0.7681 0.2236 0.5311 0.1772 0.9164 0.6329 0.1546 0.6519 0.3062 0.6028 0.2972 0.5631 0.4499 0.8454 0.6133 0.7974 0.1761 0.3072 0.4129 0.6689 0.3913 0.1385 0.3678 0.5142 0.7228 0.7393 0.8261 0.2970 0.5655 0.1333 0.0155 0.1664 0.6034 0.7496
47 47
17.6055
0.8672 0.6017 0.2267 0.0067 0.0238 0.3577 0.8631 0.3556 0.0560 0.2964 0.2506 0.1871 0.3551 0.9126 0.8393 0.8196 0.2841 0.4223 0.0925 0.5092 0.3578 0.8689 0.8797 0.2670 0.8336 0.5870 0.0258 0.0289 0.9486 0.4820 0.9955 0.0684 0.2586 0.0751 0.7492 0.9929 0.3506 0.5634 0.7024 0.7302 0.1240 0.2390 0.6099 0.4065 0.5341 0.7107 0.7892
45 45
18.0228
0.4660 0.8297 0.4274 0.4302 0.8949 0.1178 0.3930 0.5450 0.8192 0.4179 0.1378 0.0950 0.6672 0.7965 0.0933 0.1764 0.9578 0.3450 0.1481 0.9122 0.3018 0.4120 0.2640 0.3172 0.5573 0.0178 0.1344 0.9245 0.9753 0.1854 0.4341 0.6048 0.6228 0.9714 0.0007 0.2888 0.4222 0.3185 0.1851 0.7242 0.0167 0.1861 0.5158 0.3164 0.8640
2 2
0.3333
0.5000 0.5000
2 2
0.3333
0.0000 0.0000
50 50
0.0049
0.9999 0.9999 0.9999 0.9999 0.9999 0.9999 0.9999 0.9999 0.9999 0.9999 0.9999 0.9999 0.9999 0.9999 0.9999 0.9999 0.9999 0.9999 0.9999 0.9999 0.9999 0.9999 0.9999 0.9999 0.9999 0.9999 0.9999 0.9999 0.9999 0.9999 0.9999 0.9999 0.9999 0.9999 0.9999 0.9999 0.9999 0.9999 0.9999 0.9999 0.9999 0.9999 0.9999 0.9999 0.9999 0.9999 0.9999 0.9999 0.9999 0.9999
48 48
16.4824
0.6420 0.6819 0.8107 0.1420 0.2036 0.7861 0.9923 0.4495 0.6086 0.9209 0.9546 0.0653 0.7966 0.3295 0.9056 0.5651 0.3041 0.3059 0.2833 0.8448 0.7335 0.8873 0.3633 0.7326 0.9858 0.2819 0.9463 0.7006 0.2027 0.4957 0.0530 0.5021 0.4949 0.8693 0.0574 0.9384 0.1498 0.0435 0.7635 0.5645 0.3412 0.2215 0.2327 0.7951 0.2244 0.5297 0.5742 0.4601
49 49
15.3800
0.8646 0.1634 0.4197 0.4470 0.1895 0.2639 0.5783 0.6369 0.8414 0.4396 0.3816 0.5290 0.5060 0.2915 0.9686 0.3572 0.8372 0.8164 0.8107 0.9257 0.8307 0.5440 0.6994 0.0208 0.0038 0.9503 0.9779 0.9650 0.1659 0.7312 0.8823 0.2382 0.3605 0.9723 0.5376 0.9741 0.4186 0.1852 0.9835 0.3607 0.2595 0.2046 0.4734 0.8848 0.9446 0.1770 0.8762 0.5475 0.0056
47 47
22.2113
0.3993 0.5579 0.1893 0.0764 0.2092 0.3548 0.3784 0.8195 0.2668 0.1244 0.6041 0.1158 0.6643 0.7601 0.5764 0.5116 0.9679 0.7697 0.7005 0.6206 0.6479 0.0942 0.9120 0.4890 0.0964 0.1902 0.1021 0.1537 0.3377 0.3457 0.8152 0.3496 0.5277 0.0999 0.1530 0.5037 0.7159 0.7292 0.6797 0.3325 0.7885 0.8517 0.8551 0.6870 0.2973 0.5477 0.0828
48 48
19.6961
0.6877 0.7496 0.8035 0.4224 0.3219 0.9728 0.6461 0.7679 0.4438 0.1449 0.5654 0.5520 0.2968 0.2904 0.7146 0.2565 0.5201 0.8997 0.7426 0.5474 0.8760 0.5036 0.2403 0.7638 0.0234 0.5522 0.1805 0.7178 0.0338 0.3310 0.9248 0.8017 0.5166 0.0603 0.3407 0.0813 0.8740 0.3701 0.8426 0.0318 0.1863 0.3717 0.0547 0.3070 0.9104 0.6273 0.8194 0.2403
49 49
17.8660
0.1073 0.5459 0.6155 0.2933 0.6785 0.1464 0.9178 0.5888 0.5595 0.6904 0.6747 0.6412 0.9440 0.4118 0.3749 0.1326 0.1844 0.3212 0.6913 0.3121 0.5461 0.0214 0.2548 0.9381 0.9858 0.6627 0.8294 0.3418 0.6450 0.5604 0.2679 0.6672 0.1260 0.6046 0.8230 0.8558 0.0817 0.2692 0.2637 0.5156 0.1410 0.2844 0.0676 0.7951 0.4862 0.7645 0.9167 0.0317 0.7268
47 47
0.5837
0.1291 0.2916 0.3602 0.6131 0.7335 0.4186 0.7012 0.8738 0.3682 0.7970 0.9160 0.6248 0.0343 0.9137 0.8463 0.3793 0.2756 0.4499 0.7999 0.4096 0.6048 0.6586 0.5646 0.1457 0.5373 0.0304 0.8283 0.1213 0.5064 0.2637 0.8003 0.2976 0.6696 0.3154 0.5956 0.8177 0.8867 0.3950 0.7167 0.9918 0.4740 0.7741 0.8207 0.5026 0.0082 0.7619 0.5603
48 48
22.3646
0.4242 0.1387 0.6100 0.6362 0.0318 0.0778 0.9130 0.2535 0.1595 0.1421 0.8387 0.9711 0.1602 0.7436 0.3663 0.1513 0.1715 0.7163 0.2240 0.2825 0.3404 0.7733 0.9064 0.4497 0.3507 0.7531 0.1932 0.8945 0.9270 0.1829 0.5823 0.8079 0.5890 0.1588 0.9763 0.3194 0.5542 0.6293 0.8728 0.0951 0.8190 0.3174 0.1879 0.8979 0.2031 0.9786 0.6189 0.3036
45 45
3.5904
0.1036 0.3308 0.7715 0.1018 0.3252 0.3028 0.4244 0.4031 0.5776 0.3892 0.1847 0.6697 0.1824 0.2692 0.7976 0.4972 0.4654 0.9563 0.7398 0.1720 0.9111 0.2414 0.3655 0.4581 0.3880 0.1272 0.3324 0.4465 0.5679 0.7248 0.3233 0.7122 0.8075 0.3448 0.8465 0.8268 0.4520 0.4820 0.5221 0.5127 0.4568 0.8945 0.3085 0.2361 0.6942
47 47
22.2497
0.3024 0.5550 0.5824 0.0941 0.0161 0.4132 0.2433 0.2664 0.8576 0.7577 0.5819 0.6989 0.7511 0.7284 0.4267 0.4849 0.4213 0.7762 0.7483 0.9425 0.5986 0.5236 0.9417 0.0147 0.1976 0.0348 0.8191 0.9259 0.6542 0.9402 0.3215 0.5334 0.4575 0.9682 0.0404 0.6289 0.6576 0.4334 0.3012 0.5448 0.4672 0.5010 0.7715 0.3527 0.0693 0.4797 0.0258
46 46
15.8351
0.9888 0.2927 0.6410 0.7759 0.4037 0.2020 0.7001 0.5956 0.8611 0.5665 0.5377 0.7474 0.8146 0.2421 0.6503 0.2788 0.1713 0.9469 0.6655 0.1999 0.1686 0.1783 0.5076 0.8014 0.1746 0.8058 0.9715 0.4737 0.9510 0.6889 0.4558 0.8573 0.1807 0.8700 0.2693 0.4687 0.1007 0.8500 0.4105 0.3716 0.5380 0.5994 0.4794 0.1558 0.0891 0.7586
47 47
20.9501
0.0654 0.2936 0.4127 0.1871 0.0849 0.8480 0.2812 0.7656 0.4844 0.2297 0.7088 0.0123 0.9288 0.4268 0.9156 0.5943 0.0273 0.7047 0.8502 0.3616 0.2861 0.7413 0.0066 0.5444 0.3544 0.7875 0.6638 0.5280 0.7298 0.0626 0.3221 0.7798 0.1657 0.3044 0.8189 0.5439 0.9561 0.5788 0.0183 0.4060 0.2857 0.2498 0.2063 0.4685 0.6212 0.1067 0.9775
46 46
18.1911
0.9362 0.6272 0.6665 0.1930 0.2156 0.1381 0.9506 0.3268 0.0704 0.7775 0.8600 0.1350 0.2464 0.6279 0.9053 0.7950 0.3126 0.0808 0.9547 0.0999 0.5950 0.0404 0.1718 0.5736 0.3275 0.4711 0.5853 0.9981 0.6946 0.6351 0.1293 0.1247 0.3224 0.4522 0.3077 0.3463 0.0055 0.3674 0.1406 0.4134 0.1668 0.6859 0.8515 0.3707 0.7769 0.1587
50 50
16.3988
0.5407 0.4319 0.3380 0.1804 0.1412 0.4099 0.2759 0.9410 0.6263 0.2275 0.1092 0.9432 0.1661 0.2662 0.6668 0.2418 0.1484 0.6481 0.4946 0.3889 0.9747 0.6105 0.3401 0.6167 0.6661 0.8141 0.8867 0.4328 0.6358 0.8263 0.7737 0.4927 0.5136 0.3059 0.3108 0.9383 0.2277 0.3813 0.3007 0.6496 0.0925 0.9586 0.1827 0.7647 0.9739 0.4768 0.7000 0.7238 0.6945 0.5297
46 46
20.5021
0.3304 0.2899 0.6830 0.4948 0.7598 0.6263 0.0811 0.2583 0.9008 0.0684 0.5824 0.8904 0.8410 0.1529 0.9709 0.6389 0.0602 0.8937 0.8881 0.5605 0.3180 0.7532 0.6247 0.9061 0.7285 0.8570 0.7470 0.0626 0.1314 0.7577 0.4233 0.4909 0.6337 0.8718 0.2741 0.5632 0.2801 0.1544 0.2914 0.0725 0.5655 0.4775 0.1163 0.8632 0.3899 0.9298
4 4
0.0001
0.0000 0.0000 0.0000 0.0000
45 45
19.3169
0.0178 0.3255 0.4514 0.1606 0.6133 0.2373 0.2378 0.8048 0.5772 0.2066 0.4305 0.7953 0.5363 0.3341 0.3118 0.3971 0.7881 0.2129 0.7585 0.9311 0.4584 0.5082 0.1162 0.2569 0.5982 0.4424 0.7850 0.3518 0.7017 0.9156 0.5705 0.0897 0.0638 0.7939 0.9136 0.4330 0.0064 0.4377 0.6284 0.3011 0.6336 0.5969 0.4186 0.0197 0.9804
49 49
16.0731
0.8440 0.5003 0.5139 0.0600 0.4571 0.1911 0.6129 0.3053 0.9550 0.4004 0.3370 0.8263 0.7859 0.7932 0.3766 0.6123 0.7080 0.7153 0.2575 0.4982 0.9635 0.7463 0.6880 0.1291 0.4302 0.6303 0.8991 0.2640 0.4395 0.1370 0.8561 0.7451 0.1885 0.0583 0.5357 0.9013 0.0027 0.6888 0.7499 0.0382 0.7465 0.1651 0.3610 0.0022 0.6178 0.7594 0.8571 0.8937 0.8786
50 50
19.9425
0.1658 0.4920 0.8118 0.6150 0.6977 0.7782 0.2366 0.6878 0.2048 0.0588 0.3616 0.6316 0.5720 0.1536 0.1705 0.6604 0.7632 0.8516 0.9727 0.5385 0.1576 0.2954 0.4548 0.1546 0.6638 0.4738 0.9218 0.5267 0.0512 0.6017 0.1253 0.1726 0.0321 0.2022 0.6267 0.0332 0.4721 0.5521 0.2359 0.8436 0.8705 0.3148 0.3233 0.4877 0.3854 0.4704 0.8704 0.7062 0.5210 0.2783
49 49
16.8384
0.7533 0.4582 0.7559 0.8815 0.5147 0.5867 0.7150 0.5425 0.8195 0.7856 0.7784 0.1898 0.7818 0.2324 0.1436 0.5004 0.3251 0.1022 0.3961 0.8153 0.5755 0.7152 0.0858 0.2938 0.8108 0.3124 0.8023 0.3479 0.2094 0.5133 0.0400 0.2594 0.1897 0.2860 0.7996 0.1671 0.9038 0.3147 0.8505 0.7049 0.7350 0.2021 0.1836 0.6594 0.1951 0.6174 0.2570 0.8108 0.6587
50 50
21.2251
0.2956 0.6970 0.3349 0.4573 0.3610 0.1789 0.5460 0.1411 0.3593 0.7555 0.9342 0.3477 0.9380 0.9240 0.9893 0.5003 0.3447 0.2084 0.4295 0.3574 0.2553 0.0712 0.1866 0.5987 0.8608 0.2058 0.4892 0.5923 0.1431 0.5322 0.0207 0.1266 0.2286 0.0855 0.0044 0.5539 0.0934 0.6423 0.1872 0.6600 0.2883 0.2597 0.5545 0.2891 0.5472 0.4417 0.5760 0.7660 0.2716 0.8002
50 50
0.0000
0.0000 0.0000 0.0000 0.0000 0.0000 0.0000 0.0000 0.0000 0.0000 0.0000 0.0000 0.0000 0.0000 0.0000 0.0000 0.0000 0.0000 0.0000 0.0000 0.0000 0.0000 0.0000 0.0000 0.0000 0.0000 0.0000 0.0000 0.0000 0.0000 0.0000 0.0000 0.0000 0.0000 0.0000 0.0000 0.0000 0.0000 0.0000 0.0000 0.0000 0.0000 0.0000 0.0000 0.0000 0.0000 0.0000 0.0000 0.0000 0.0000 0.0000
47 47
21.1652
0.9872 0.2675 0.0319 0.6769 0.0207 0.3072 0.6665 0.6726 0.1752 0.4843 0.1929 0.3681 0.8047 0.5225 0.2752 0.2586 0.1081 0.7927 0.3895 0.8496 0.3405 0.5914 0.6662 0.8944 0.9642 0.3820 0.6816 0.9894 0.8072 0.0186 0.8960 0.8510 0.3055 0.1128 0.0269 0.1341 0.5767 0.8602 0.0602 0.7706 0.8303 0.8024 0.7854 0.6860 0.5652 0.2763 0.1650
45 45
17.7876
0.6621 0.8262 0.3422 0.2501 0.6158 0.4111 0.3630 0.6483 0.0213 0.6608 0.3600 0.9043 0.7159 0.0719 0.1030 0.8786 0.3439 0.1806 0.6699 0.0009 0.5599 0.2221 0.8356 0.3024 0.1657 0.2469 0.4423 0.4020 0.1137 0.8725 0.3260 0.2945 0.4995 0.3766 0.3805 0.1899 0.6687 0.4252 0.0216 0.4464 0.2147 0.6724 0.2375 0.6609 0.2623
49 49
19.4877
0.2792 0.6598 0.4338 0.7421 0.2814 0.3808 0.5926 0.3816 0.1042 0.5501 0.3697 0.3864 0.5511 0.0002 0.4956 0.4196 0.3503 0.9914 0.0900 0.6998 0.3642 0.9440 0.0917 0.0977 0.6104 0.3650 0.3032 0.3996 0.1420 0.7973 0.5062 0.0609 0.9540 0.1110 0.7857 0.1085 0.9225 0.8294 0.8418 0.2562 0.1874 0.3652 0.3263 0.3619 0.2703 0.4883 0.9834 0.8576 0.0520
49 49
2.2603
0.2235 0.7481 0.7809 0.4266 0.0852 0.5509 0.4795 0.8378 0.4379 0.2831 0.7444 0.7064 0.2017 0.7213 0.7001 0.1762 0.4856 0.8491 0.4606 0.5165 0.8691 0.1160 0.5352 0.5095 0.5154 0.0706 0.1329 0.1679 0.2062 0.6942 0.2368 0.4581 0.3106 0.5347 0.7961 0.7694 0.8561 0.7932 0.5337 0.6857 0.0739 0.9229 0.6125 0.6873 0.3545 0.8354 0.2869 0.6047 0.3850
49 49
19.5029
0.5897 0.9579 0.0194 0.2525 0.6490 0.7253 0.7552 0.4557 0.0353 0.1854 0.0563 0.4084 0.9232 0.1067 0.3323 0.0654 0.8849 0.0926 0.2623 0.8861 0.0049 0.2994 0.4796 0.0200 0.1631 0.2683 0.0576 0.4765 0.4891 0.8221 0.2598 0.3427 0.5242 0.0900 0.5867 0.7048 0.7946 0.1385 0.8779 0.6895 0.5664 0.2709 0.3136 0.5155 0.5245 0.4255 0.0166 0.9209 0.6487
46 46
18.9179
0.3437 0.6022 0.7797 0.1957 0.7461 0.2045 0.3399 0.5909 0.7662 0.4695 0.5145 0.7047 0.3172 0.3089 0.7163 0.1344 0.4041 0.6181 0.8700 0.6948 0.1439 0.9285 0.2202 0.3990 0.2834 0.5861 0.9043 0.4222 0.9392 0.8191 0.3994 0.4516 0.0638 0.3130 0.5787 0.6171 0.7795 0.1332 0.4168 0.6013 0.4168 0.6288 0.1372 0.7130 0.2986 0.9853
50 50
0.0000
0.9999 0.9999 0.9999 0.9999 0.9999 0.9999 0.9999 0.9999 0.9999 0.9999 0.9999 0.9999 0.9999 0.9999 0.9999 0.9999 0.9999 0.9999 0.9999 0.9999 0.9999 0.9999 0.9999 0.9999 0.9999 0.9999 0.9999 0.9999 0.9999 0.9999 0.9999 0.9999 0.9999 0.9999 0.9999 0.9999 0.9999 0.9999 0.9999 0.9999 0.9999 0.9999 0.9999 0.9999 0.9999 0.9999 0.9999 0.9999 0.9999 0.9999
50 50
20.0573
0.0475 0.3670 0.6103 0.7870 0.3914 0.2649 0.6112 0.5245 0.2887 0.3935 0.4686 0.2557 0.0645 0.8406 0.8566 0.4493 0.4008 0.9621 0.6279 0.8514 0.1328 0.2286 0.7804 0.1692 0.3874 0.7714 0.4580 0.6129 0.7250 0.7050 0.2467 0.4896 0.1039 0.9143 0.3951 0.9960 0.6339 0.8572 0.1155 0.8444 0.7447 0.4502 0.7235 0.2630 0.6695 0.4113 0.6222 0.5060 0.2522 0.3463
50 50
22.0722
0.3584 0.1638 0.9989 0.1066 0.2426 0.0585 0.3374 0.8361 0.8053 0.6918 0.6020 0.6162 0.9135 0.3286 0.3357 0.8036 0.7299 0.9965 0.0257 0.7320 0.1829 0.1062 0.9896 0.1744 0.4169 0.0869 0.0023 0.9977 0.9269 0.1696 0.8818 0.0170 0.5587 0.0865 0.7179 0.2072 0.2610 0.3003 0.4907 0.0378 0.5213 0.9070 0.3739 0.8640 0.1034 0.4175 0.9646 0.5926 0.2622 0.0197
48 48
24.8542
0.3759 0.5829 0.9750 0.4354 0.1385 0.5429 0.1222 0.7291 0.3090 0.3873 0.5752 0.4636 0.8185 0.4956 0.1170 0.9106 0.0212 0.2122 0.8065 0.7310 0.7798 0.5744 0.7143 0.4721 0.6200 0.2171 0.1001 0.9318 0.2550 0.1520 0.6722 0.0747 0.3262 0.9460 0.8603 0.1677 0.6550 0.2418 0.8930 0.4838 0.0233 0.4128 0.0497 0.9468 0.1598 0.1708 0.8597 0.0774
48 48
22.0934
0.3979 0.0470 0.5753 0.7766 0.2412 0.7475 0.5487 0.0002 0.9732 0.0206 0.6255 0.3654 0.5188 0.6411 0.3296 0.8023 0.6091 0.7878 0.1522 0.0256 0.6208 0.1912 0.3934 0.1499 0.8509 0.9846 0.2778 0.2543 0.1111 0.0976 0.1652 0.2810 0.1774 0.9657 0.8944 0.2811 0.8778 0.2807 0.7871 0.4217 0.4289 0.3241 0.2923 0.0045 0.3419 0.3290 0.8810 0.0360
49 49
17.8026
0.5725 0.0717 0.4474 0.8743 0.9633 0.2449 0.3420 0.9229 0.1741 0.1775 0.9048 0.4592 0.5270 0.9133 0.7191 0.2126 0.7696 0.6883 0.8285 0.9405 0.4237 0.3707 0.1069 0.3267 0.9768 0.2006 0.4106 0.8870 0.6990 0.2038 0.8448 0.0170 0.4767 0.7885 0.0685 0.5476 0.1564 0.7072 0.8179 0.1228 0.7279 0.5421 0.7142 0.4460 0.2018 0.5886 0.1892 0.1322 0.4180
45 45
17.6239
0.0185 0.3671 0.6981 0.7814 0.9484 0.4195 0.1760 0.4665 0.5838 0.4432 0.7560 0.0357 0.4360 0.7975 0.9929 0.5119 0.0542 0.8410 0.8314 0.8031 0.2923 0.0961 0.8346 0.6795 0.6652 0.6465 0.0392 0.5613 0.8292 0.5908 0.1355 0.3232 0.1405 0.7089 0.2233 0.8982 0.2368 0.4183 0.2316 0.3172 0.3309 0.1240 0.5084 0.9578 0.7283
49 49
16.1823
0.5905 0.8648 0.9877 0.3655 0.4542 0.3144 0.6376 0.9498 0.3691 0.9036 0.4056 0.5667 0.1897 0.7564 0.1147 0.7414 0.6942 0.9539 0.2558 0.7898 0.7120 0.3000 0.9820 0.1242 0.1901 0.3323 0.9110 0.8148 0.2740 0.5534 0.0932 0.1849 0.0343 0.6940 0.6620 0.4715 0.4010 0.4661 0.6523 0.4561 0.3769 0.9890 0.8122 0.4551 0.4638 0.6818 0.4520 0.1665 0.9501
47 47
15.2058
0.7831 0.0690 0.5917 0.1227 0.7008 0.7750 0.8551 0.9098 0.3574 0.8340 0.1321 0.4937 0.9641 0.8122 0.9741 0.3185 0.2476 0.6119 0.9120 0.7031 0.1200 0.6657 0.6778 0.2644 0.8738 0.9612 0.4919 0.4287 0.5514 0.7091 0.4036 0.7857 0.9029 0.7380 0.6249 0.1651 0.1878 0.0740 0.7673 0.3468 0.3475 0.1866 0.3487 0.3941 0.6690 0.6232 0.7591
50 50
0.6901
0.6986 0.1842 0.2443 0.8764 0.2665 0.9641 0.7744 0.0863 0.6196 0.3483 0.5154 0.0932 0.8265 0.5983 0.3158 0.9318 0.7742 0.0507 0.7951 0.9438 0.2187 0.5109 0.8928 0.2215 0.1224 0.3724 0.8871 0.2683 0.2791 0.0770 0.7255 0.0857 0.6598 0.7417 0.3337 0.2108 0.0539 0.3512 0.7287 0.9926 0.1546 0.5160 0.6915 0.7205 0.1090 0.8091 0.8733 0.3303 0.6759 0.1761
48 48
22.1633
0.4592 0.8562 0.6216 0.9405 0.0064 0.4291 0.3061 0.9512 0.2119 0.2636 0.8852 0.7043 0.7747 0.3806 0.0999 0.2398 0.9749 0.5003 0.5801 0.8825 0.8633 0.1389 0.2108 0.9513 0.7831 0.1886 0.6150 0.1291 0.6505 0.7620 0.0237 0.0666 0.7145 0.5442 0.8472 0.5358 0.3300 0.2301 0.8988 0.0597 0.2663 0.7730 0.4796 0.9832 0.3410 0.7915 0.0901 0.0452
47 47
19.7276
0.6837 0.5475 0.2741 0.1075 0.8799 0.9969 0.2845 0.1849 0.1404 0.6706 0.9248 0.1454 0.0698 0.0344 0.4159 0.6998 0.8198 0.5029 0.5433 0.6010 0.8234 0.8941 0.2660 0.3256 0.5622 0.9816 0.6654 0.8632 0.1978 0.0531 0.8992 0.8339 0.7436 0.9973 0.7331 0.9879 0.3842 0.8090 0.5295 0.0726 0.1655 0.6988 0.9125 0.5503 0.0735 0.0199 0.6415
1 1
0.3333
0.5000
